[int_cam01_img]
name = "int_cam01_img"
size = [ 1920.0, 1080.0]
matrix = [ [ 2015.7114476816125, 0.0, 950.405564351584], [ 0.0, 2019.1870275137421, 484.27599934202254], [ 0.0, 0.0, 1.0]]
distortions = [ -0.15746552704838207, 0.09672274470597032, -0.0039459116900321025, -0.0028818600229856763]
rotation = [ 0.5621205297727883, -2.347986142089513, 1.5653210311470378]
translation = [ -0.32867092015457694, 0.3549114029420098, 1.732344119530507]
fisheye = false

[int_cam02_img]
name = "int_cam02_img"
size = [ 1920.0, 1080.0]
matrix = [ [ 2026.724175694446, 0.0, 918.9735279743857], [ 0.0, 2029.873957001786, 471.6794196452352], [ 0.0, 0.0, 1.0]]
distortions = [ -0.15726436796308377, 0.09052618112697959, -0.0058937872697731606, -0.004048549611880813]
rotation = [ 0.9974062086640677, 1.8417523379804905, -1.4296677365351012]
translation = [ 0.8231867064600644, 0.3464117361185877, 1.910363835917038]
fisheye = false

[int_cam04_img]
name = "int_cam04_img"
size = [ 1920.0, 1080.0]
matrix = [ [ 1991.7792613856118, 0.0, 949.8492055405682], [ 0.0, 1994.4666098335995, 509.6475316290403], [ 0.0, 0.0, 1.0]]
distortions = [ -0.14962881885241516, 0.1105953335495653, -0.0018191481442891874, -0.0005541838091016373]
rotation = [ 1.9929247534282355, 1.124437967615163, -0.7578599586381028]
translation = [ 0.8854624012230911, -0.4853120976341528, 1.713000442225278]
fisheye = false

[camJVC]
name = "camJVC"
size = [960.0, 540.0]
matrix = [[647.9889273713799, 0.0, 494.70004128269676], [0.0, 656.8060305038174, 297.72450544367723], [0.0, 0.0, 1.0]]
distortions = [0.0, 0.0, 0.0, 0.0]
rotation = [0.23910773274514624, 2.5294019128560277, -1.6489629455188262]
translation = [-0.11921322884879279, 0.2532125507956216, 0.9904138585185566]
fisheye = false

[camJVC2]
name = "camJVC2"
size = [960.0, 540.0]
matrix = [[727.6196707839187, 0.0, 223.5814113598856], [0.0, 678.1652314549901, 259.1818778299801], [0.0, 0.0, 1.0]]
distortions = [0.17094948334563811, -0.010635301452141024, -0.06537154493076973, -0.114192625707298]
rotation = [-0.11259217106959647, 2.671258735459515, -1.8753768761805814]
translation = [0.3567222416660262, 0.34274337318183695, 1.0038802739864754]
fisheye = false

[camJVC3]
name = "camJVC3"
size = [960.0, 540.0]
matrix = [[709.6531588261165, 0.0, 347.9061121846155], [0.0, 669.3823275037082, 241.59274402926292], [0.0, 0.0, 1.0]]
distortions = [-0.04672927476000175, 0.14330866900254274, -0.0374074716549176, -0.06901690361114715]
rotation = [0.034952703667898814, 2.5950371515392323, -1.8470943765169885]
translation = [0.11979578545617961, 0.36256851674663804, 1.0098771461895266]
fisheye = false

[metadata]
adjusted = false
error = 0.0
