[camSony2]
name = "camSony2"
size = [960.0, 540.0]
matrix = [[712.996745555015, 0.0, 497.8917245098568], [0.0, 707.5072608631336, 273.69978981179133], [0.0, 0.0, 1.0]]
distortions = [0.04388170986509854, -0.07339808962002123, 0.003946475141190505, 0.007394210783152214]
rotation = [1.7328643538303956, -0.8929645188069878, 0.792069609350038]
translation = [-0.8417624499098149, 0.051393798470936856, 1.7997952463386278]
fisheye = false
