[int_cam01_img]
name = "int_cam01_img"
size = [ 1920.0, 1080.0]
matrix = [ [ 2015.7114476816125, 0.0, 950.405564351584], [ 0.0, 2019.1870275137421, 484.27599934202254], [ 0.0, 0.0, 1.0]]
distortions = [ -0.15746552704838207, 0.09672274470597032, -0.0039459116900321025, -0.0028818600229856763]
rotation = [ 0.5621205297727883, -2.347986142089513, 1.5653210311470378]
translation = [ -0.32867092015457694, 0.3549114029420098, 1.732344119530507]
fisheye = false

[int_cam02_img]
name = "int_cam02_img"
size = [ 1920.0, 1080.0]
matrix = [ [ 2026.724175694446, 0.0, 918.9735279743857], [ 0.0, 2029.873957001786, 471.6794196452352], [ 0.0, 0.0, 1.0]]
distortions = [ -0.15726436796308377, 0.09052618112697959, -0.0058937872697731606, -0.004048549611880813]
rotation = [ 0.9974062086640677, 1.8417523379804905, -1.4296677365351012]
translation = [ 0.8231867064600644, 0.3464117361185877, 1.910363835917038]
fisheye = false

[int_cam04_img]
name = "int_cam04_img"
size = [ 1920.0, 1080.0]
matrix = [ [ 1991.7792613856118, 0.0, 949.8492055405682], [ 0.0, 1994.4666098335995, 509.6475316290403], [ 0.0, 0.0, 1.0]]
distortions = [ -0.14962881885241516, 0.1105953335495653, -0.0018191481442891874, -0.0005541838091016373]
rotation = [ 1.9929247534282355, 1.124437967615163, -0.7578599586381028]
translation = [ 0.8854624012230911, -0.4853120976341528, 1.713000442225278]
fisheye = false

[metadata]
adjusted = false
error = 0.0
